1733249044884 0.797481894493103 0
1733249047962 0.191759187967913 100
1733249050915 0.09799294256076996 200
1733249052301 0.0006862945156171918 248
1733249055245 0.0011589821257471744 348
1733249058264 0.00255409554857529 448
1733249059800 0.005973628256469965 496
1733249062734 0.002507124731252615 596
1733249065625 0.0015901164963305118 696
1733249067095 0.0008860139059834182 744
1733249070263 0.003651523480818856 844
1733249073138 0.002591051053561604 944
1733249074504 0.0023308880627155304 992
1733249077638 0.0028016259478829283 1092
1733249080611 0.0035649529433535846 1192
1733249082028 0.00033352914033457637 1240
1733249084911 0.0025970533907720083 1340
1733249087819 0.0018881810079728351 1440
1733249089296 0.0004936633631587029 1488
1733249092184 0.0007761503602343492 1588
1733249095046 0.0010926135288191199 1688
1733249096423 0.0033214313443750143 1736
1733249099430 0.001964150034963144 1836
1733249102391 0.001287720038220217 1936
1733249103776 0.0014388997806236148 1984
1733249106649 0.0019513247629724406 2084
1733249109530 0.0026379921175284653 2184
1733249110946 0.003179962979629636 2232
1733249113820 0.00135005974512787 2332
1733249116664 0.0014333086560621617 2432
